11.8072280884,4
11.7144939899,4
11.7919530869,4
12.2152130604,4
11.9845280647,4
11.9938080311,4

12.1382119656,5, 6
11.9974749088,4
11.7155940533,3
11.3798558712,3
11.9408090115,3
11.5494537143,4


11.9291071892,2, 7
11.3874925435,3
11.4879839256,3
11.7589498244,3
11.4983939345,2
12.0037720203
11.3934619427
12.0119948387
12.0718991756
11.5650179386
13.7132389545
10.9608998299
14.4896709919
11.3138930798
10.7740321159
10.7798140049
10.8434069157
11.5961110592
11.4873421192
11.573830843
11.6035330296
11.1446549892
11.5464270115
11.6049249172
11.5711688995
11.572977066
11.5543341637
11.6147739887
12.5147500038
11.961977005
12.5930838585
12.0755748749
18.6453039646
13.1465108395
11.5103600025
11.4557020664
31.1944851875
12.715223074
25.3642411232
26.6009049416
17.0341989994
19.9640698433
18.047894001
17.3780062199
24.3708610535
29.2685358524
12.7514779568
5.33062791824
7.3402569294
2.92880797386
14.076267004
25.1415200233
5.18432593346
8.63130187988
3.195540905
2.69704985619
13.6148610115
9.79840421677
9.37079000473
25.2794499397
25.5512089729
10.1412451267
16.474891901
8.78551506996
11.4972560406
11.5285079479
11.4073178768
24.7704029083
19.8844120502
34.8908829689
11.8546469212
16.0010800362
22.8529071808
17.2762970924
18.8887650967
13.3849241734
6.42516088486
5.32651305199
5.7421681881
13.6484959126
12.5582351685
18.7066650391
12.3511750698
14.2838029861
14.7436861992
11.3542878628
13.3943719864
13.7490561008
14.766669035
16.478413105
15.0260710716
18.0919480324
12.2163341045
22.039317131
16.5717968941
10.51521492
10.7655620575
19.8290288448
22.1138939857
32.2878699303
23.3022861481
24.6017420292
16.2604250908
20.1696081161
17.2336211205
11.5409498215
11.3403789997
11.7013978958
10.6569149494
12.9874491692
10.6786339283
11.5128910542
11.2918760777
11.9330730438
12.0221781731
11.6266789436
11.7914099693
11.5212409496
11.9671649933
7.57023906708
11.8146810532
9.93133091927
11.7377090454
11.9664199352
11.7234220505
11.8259720802
10.1267268658
11.940931797
10.3138840199
12.1372129917
12.8041520119
14.1884670258
10.856541872
12.5430760384
10.178937912
10.9834399223
9.66777420044
13.3639159203
14.0121860504
12.2117729187
12.9404699802
11.7518470287
11.6141450405
11.7962920666
12.4259469509
11.4314858913
11.2001330853
11.8249399662
11.8859438896
11.9088978767
12.1740779877
12.2612109184
12.1514639854
11.9992420673
12.196160078
11.7992739677
12.202270031
11.7098989487
11.9892868996
11.9919569492
12.1805071831
14.7896800041
12.3399250507
10.302410841
15.8755068779
14.9611871243
12.2154390812
12.7519431114
11.5532691479
13.1335699558
12.1450841427
12.6541290283
11.8375837803
12.3507561684
20.5504338741
14.558562994
12.2881901264
11.8772568703
12.3966078758
12.7228579521
12.3446230888
3.08376502991
3.8988301754
2.42452096939
12.5537359715
12.3547129631
6.18868994713
12.250795126
12.4391949177
12.5752661228
5.91569495201
12.4568231106
12.8002858162
7.6227710247
13.2253518105
14.2157039642
12.2585442066
11.9861941338
14.3965139389
12.1294109821
12.469370842
2.90998792648
12.6590430737
11.996721983
16.888999939
10.1544680595
11.7900221348
9.93609404564
11.6322519779
14.2713470459
14.1530210972
13.8453450203
11.9391150475
10.933465004
6.13067102432
16.5623230934
13.2964630127
14.1024320126
13.5385730267
12.3674399853
12.794465065
7.80069208145
12.8035650253
12.606949091
15.6842660904
24.5660300255
11.635340929
11.5775740147
9.85302186012
17.7133309841
10.1330139637
17.909126997
15.2188129425
13.8471610546
12.9440340996
13.9346969128
12.7049250603
12.5048890114
12.2615401745
19.8033840656
12.2307851315
12.6989729404
12.5763971806
14.0606729984
13.5982151031
11.075674057
12.1571619511
13.9833219051
11.1920008659
2.51372218132
10.2941122055
20.4561610222
15.3031668663
16.2849879265
10.5783910751
11.8886501789
13.7427470684
11.0697479248
11.159224987
12.5489039421
12.6106669903
12.038380146
12.4106359482
11.232268095
11.1820261478
11.1569209099
11.0646159649
11.4076638222
11.3314790726
11.30163908
9.24378180504
11.3913998604
11.4163630009
11.1194760799
13.2685809135
11.2586781979
10.6814770699
10.9546570778
9.93483400345
